100 liczb losowych: 
29 
98 
79 
21 
95 
74 
98 
85 
62 
60 
22 
6 
5 
25 
37 
57 
87 
16 
35 
39 
19 
98 
6 
53 
78 
56 
9 
19 
15 
24 
20 
23 
65 
65 
39 
36 
30 
78 
66 
79 
74 
1 
100 
28 
2 
91 
51 
98 
58 
2 
47 
61 
37 
70 
56 
28 
32 
30 
17 
42 
96 
4 
82 
47 
87 
54 
90 
51 
89 
97 
65 
7 
27 
25 
48 
89 
29 
46 
75 
77 
72 
95 
61 
59 
46 
98 
87 
71 
13 
71 
69 
15 
62 
76 
42 
32 
83 
60 
63 
55 
posortowane 
1 
2 
2 
4 
5 
6 
6 
7 
9 
13 
15 
15 
16 
17 
19 
19 
20 
21 
22 
23 
24 
25 
25 
27 
28 
28 
29 
29 
30 
30 
32 
32 
35 
36 
37 
37 
39 
39 
42 
42 
46 
46 
47 
47 
48 
51 
51 
53 
54 
55 
56 
56 
57 
58 
59 
60 
60 
61 
61 
62 
62 
63 
65 
65 
65 
66 
69 
70 
71 
71 
72 
74 
74 
75 
76 
77 
78 
78 
79 
79 
82 
83 
85 
87 
87 
87 
89 
89 
90 
91 
95 
95 
96 
97 
98 
98 
98 
98 
98 
100 
